(kicad_pcb (version 20171130) (host pcbnew 5.1.5+dfsg1-2build2)

  (general
    (thickness 1.6)
    (drawings 37)
    (tracks 341)
    (zones 0)
    (modules 168)
    (nets 164)
  )

  (page A4)
  (layers
    (0 F.Cu signal)
    (31 B.Cu signal)
    (32 B.Adhes user)
    (33 F.Adhes user)
    (34 B.Paste user)
    (35 F.Paste user)
    (36 B.SilkS user)
    (37 F.SilkS user)
    (38 B.Mask user)
    (39 F.Mask user)
    (40 Dwgs.User user)
    (41 Cmts.User user)
    (42 Eco1.User user)
    (43 Eco2.User user)
    (44 Edge.Cuts user)
    (45 Margin user)
    (46 B.CrtYd user)
    (47 F.CrtYd user)
    (48 B.Fab user)
    (49 F.Fab user)
  )

  (setup
    (last_trace_width 2)
    (user_trace_width 0.65)
    (user_trace_width 0.75)
    (user_trace_width 1)
    (user_trace_width 1.5)
    (user_trace_width 2)
    (user_trace_width 3)
    (trace_clearance 0.2)
    (zone_clearance 0.508)
    (zone_45_only no)
    (trace_min 0.2)
    (via_size 0.8)
    (via_drill 0.4)
    (via_min_size 0.4)
    (via_min_drill 0.3)
    (user_via 1.7 0.8)
    (user_via 3 2)
    (uvia_size 0.3)
    (uvia_drill 0.1)
    (uvias_allowed no)
    (uvia_min_size 0.2)
    (uvia_min_drill 0.1)
    (edge_width 0.05)
    (segment_width 0.2)
    (pcb_text_width 0.3)
    (pcb_text_size 1.5 1.5)
    (mod_edge_width 0.12)
    (mod_text_size 1 1)
    (mod_text_width 0.15)
    (pad_size 1.524 1.524)
    (pad_drill 0.762)
    (pad_to_mask_clearance 0.051)
    (solder_mask_min_width 0.25)
    (aux_axis_origin 0 0)
    (visible_elements FFFFFF7F)
    (pcbplotparams
      (layerselection 0x010fc_ffffffff)
      (usegerberextensions false)
      (usegerberattributes false)
      (usegerberadvancedattributes false)
      (creategerberjobfile false)
      (excludeedgelayer true)
      (linewidth 0.100000)
      (plotframeref false)
      (viasonmask false)
      (mode 1)
      (useauxorigin false)
      (hpglpennumber 1)
      (hpglpenspeed 20)
      (hpglpendiameter 15.000000)
      (psnegative false)
      (psa4output false)
      (plotreference true)
      (plotvalue true)
      (plotinvisibletext false)
      (padsonsilk false)
      (subtractmaskfromsilk false)
      (outputformat 1)
      (mirror false)
      (drillshape 1)
      (scaleselection 1)
      (outputdirectory ""))
  )

  (net 0 "")
  (net 1 GNDA)
  (net 2 "Net-(C1-Pad1)")
  (net 3 "Net-(D1-Pad2)")
  (net 4 "Net-(D148-Pad2)")
  (net 5 "Net-(D149-Pad2)")
  (net 6 "Net-(D17-Pad1)")
  (net 7 "Net-(D150-Pad2)")
  (net 8 "Net-(D18-Pad1)")
  (net 9 GND)
  (net 10 "Net-(D152-Pad2)")
  (net 11 "Net-(D153-Pad2)")
  (net 12 "Net-(D154-Pad2)")
  (net 13 "Net-(D10-Pad2)")
  (net 14 "Net-(D10-Pad1)")
  (net 15 "Net-(D11-Pad2)")
  (net 16 "Net-(D12-Pad2)")
  (net 17 "Net-(D13-Pad2)")
  (net 18 "Net-(D14-Pad2)")
  (net 19 "Net-(D15-Pad2)")
  (net 20 "Net-(D18-Pad2)")
  (net 21 "Net-(D19-Pad2)")
  (net 22 "Net-(D20-Pad2)")
  (net 23 "Net-(D21-Pad2)")
  (net 24 "Net-(D22-Pad2)")
  (net 25 "Net-(D23-Pad2)")
  (net 26 "Net-(D24-Pad2)")
  (net 27 "Net-(D25-Pad2)")
  (net 28 "Net-(D26-Pad2)")
  (net 29 "Net-(D27-Pad2)")
  (net 30 "Net-(D28-Pad2)")
  (net 31 "Net-(D29-Pad2)")
  (net 32 "Net-(D30-Pad2)")
  (net 33 "Net-(D31-Pad2)")
  (net 34 "Net-(D32-Pad2)")
  (net 35 "Net-(D33-Pad2)")
  (net 36 "Net-(D34-Pad2)")
  (net 37 "Net-(D35-Pad2)")
  (net 38 "Net-(D36-Pad2)")
  (net 39 "Net-(D37-Pad2)")
  (net 40 "Net-(D38-Pad2)")
  (net 41 "Net-(D39-Pad2)")
  (net 42 "Net-(D40-Pad2)")
  (net 43 "Net-(D41-Pad2)")
  (net 44 "Net-(D42-Pad2)")
  (net 45 "Net-(D44-Pad2)")
  (net 46 "Net-(D45-Pad2)")
  (net 47 "Net-(D46-Pad2)")
  (net 48 "Net-(D47-Pad2)")
  (net 49 "Net-(D48-Pad2)")
  (net 50 "Net-(D49-Pad2)")
  (net 51 "Net-(D50-Pad2)")
  (net 52 "Net-(D51-Pad2)")
  (net 53 "Net-(D52-Pad2)")
  (net 54 "Net-(D53-Pad2)")
  (net 55 "Net-(D54-Pad2)")
  (net 56 "Net-(D55-Pad2)")
  (net 57 "Net-(D57-Pad2)")
  (net 58 "Net-(D58-Pad2)")
  (net 59 "Net-(D59-Pad2)")
  (net 60 "Net-(D60-Pad2)")
  (net 61 "Net-(D61-Pad2)")
  (net 62 "Net-(D62-Pad2)")
  (net 63 "Net-(D63-Pad2)")
  (net 64 "Net-(D64-Pad2)")
  (net 65 "Net-(D65-Pad2)")
  (net 66 "Net-(D66-Pad2)")
  (net 67 "Net-(D67-Pad2)")
  (net 68 "Net-(D68-Pad2)")
  (net 69 "Net-(D70-Pad2)")
  (net 70 "Net-(D71-Pad2)")
  (net 71 "Net-(D72-Pad2)")
  (net 72 "Net-(D73-Pad2)")
  (net 73 "Net-(D74-Pad2)")
  (net 74 "Net-(D75-Pad2)")
  (net 75 "Net-(D76-Pad2)")
  (net 76 "Net-(D77-Pad2)")
  (net 77 "Net-(D78-Pad2)")
  (net 78 "Net-(D79-Pad2)")
  (net 79 "Net-(D80-Pad2)")
  (net 80 "Net-(D81-Pad2)")
  (net 81 "Net-(D83-Pad2)")
  (net 82 "Net-(D84-Pad2)")
  (net 83 "Net-(D85-Pad2)")
  (net 84 "Net-(D86-Pad2)")
  (net 85 "Net-(D87-Pad2)")
  (net 86 "Net-(D100-Pad1)")
  (net 87 "Net-(D100-Pad2)")
  (net 88 "Net-(D101-Pad2)")
  (net 89 "Net-(D102-Pad2)")
  (net 90 "Net-(D103-Pad2)")
  (net 91 "Net-(D104-Pad2)")
  (net 92 "Net-(D105-Pad2)")
  (net 93 "Net-(D106-Pad2)")
  (net 94 "Net-(D107-Pad2)")
  (net 95 "Net-(D108-Pad2)")
  (net 96 "Net-(D109-Pad2)")
  (net 97 "Net-(D110-Pad2)")
  (net 98 "Net-(D111-Pad2)")
  (net 99 "Net-(D112-Pad2)")
  (net 100 "Net-(D113-Pad2)")
  (net 101 "Net-(D114-Pad2)")
  (net 102 "Net-(D115-Pad2)")
  (net 103 "Net-(D116-Pad2)")
  (net 104 "Net-(D117-Pad2)")
  (net 105 "Net-(D118-Pad2)")
  (net 106 "Net-(D119-Pad2)")
  (net 107 "Net-(D120-Pad2)")
  (net 108 "Net-(D121-Pad2)")
  (net 109 "Net-(D122-Pad2)")
  (net 110 "Net-(D123-Pad2)")
  (net 111 "Net-(D124-Pad2)")
  (net 112 "Net-(D125-Pad2)")
  (net 113 "Net-(D126-Pad2)")
  (net 114 "Net-(D127-Pad2)")
  (net 115 "Net-(D128-Pad2)")
  (net 116 "Net-(D129-Pad2)")
  (net 117 "Net-(D130-Pad2)")
  (net 118 "Net-(D131-Pad2)")
  (net 119 "Net-(D132-Pad2)")
  (net 120 "Net-(D133-Pad2)")
  (net 121 "Net-(D135-Pad2)")
  (net 122 "Net-(D136-Pad2)")
  (net 123 "Net-(D137-Pad2)")
  (net 124 "Net-(D138-Pad2)")
  (net 125 "Net-(D139-Pad2)")
  (net 126 "Net-(D140-Pad2)")
  (net 127 "Net-(D141-Pad2)")
  (net 128 "Net-(D142-Pad2)")
  (net 129 "Net-(D143-Pad2)")
  (net 130 "Net-(D144-Pad2)")
  (net 131 GROUP1)
  (net 132 "Net-(D157-Pad2)")
  (net 133 "Net-(D158-Pad2)")
  (net 134 "Net-(F1-Pad2)")
  (net 135 "Net-(F2-Pad2)")
  (net 136 Earth)
  (net 137 "Net-(D4-Pad2)")
  (net 138 "Net-(D5-Pad2)")
  (net 139 "Net-(D6-Pad2)")
  (net 140 "Net-(D7-Pad2)")
  (net 141 "Net-(D8-Pad2)")
  (net 142 "Net-(D31-Pad1)")
  (net 143 "Net-(D44-Pad1)")
  (net 144 "Net-(D57-Pad1)")
  (net 145 "Net-(D88-Pad2)")
  (net 146 "Net-(D89-Pad2)")
  (net 147 "Net-(D90-Pad2)")
  (net 148 "Net-(D91-Pad2)")
  (net 149 "Net-(D92-Pad2)")
  (net 150 "Net-(D93-Pad2)")
  (net 151 "Net-(D94-Pad2)")
  (net 152 "Net-(D96-Pad2)")
  (net 153 "Net-(D97-Pad2)")
  (net 154 "Net-(D98-Pad2)")
  (net 155 "Net-(D122-Pad1)")
  (net 156 "Net-(D135-Pad1)")
  (net 157 "Net-(D145-Pad2)")
  (net 158 "Net-(D146-Pad2)")
  (net 159 "Net-(D151-Pad2)")
  (net 160 "Net-(D155-Pad2)")
  (net 161 "Net-(D156-Pad2)")
  (net 162 "Net-(D159-Pad2)")
  (net 163 "Net-(D134-Pad2)")

  (net_class Default "This is the default net class."
    (clearance 0.2)
    (trace_width 0.25)
    (via_dia 0.8)
    (via_drill 0.4)
    (uvia_dia 0.3)
    (uvia_drill 0.1)
    (add_net Earth)
    (add_net GND)
    (add_net GNDA)
    (add_net GROUP1)
    (add_net "Net-(C1-Pad1)")
    (add_net "Net-(D1-Pad2)")
    (add_net "Net-(D10-Pad1)")
    (add_net "Net-(D10-Pad2)")
    (add_net "Net-(D100-Pad1)")
    (add_net "Net-(D100-Pad2)")
    (add_net "Net-(D101-Pad2)")
    (add_net "Net-(D102-Pad2)")
    (add_net "Net-(D103-Pad2)")
    (add_net "Net-(D104-Pad2)")
    (add_net "Net-(D105-Pad2)")
    (add_net "Net-(D106-Pad2)")
    (add_net "Net-(D107-Pad2)")
    (add_net "Net-(D108-Pad2)")
    (add_net "Net-(D109-Pad2)")
    (add_net "Net-(D11-Pad2)")
    (add_net "Net-(D110-Pad2)")
    (add_net "Net-(D111-Pad2)")
    (add_net "Net-(D112-Pad2)")
    (add_net "Net-(D113-Pad2)")
    (add_net "Net-(D114-Pad2)")
    (add_net "Net-(D115-Pad2)")
    (add_net "Net-(D116-Pad2)")
    (add_net "Net-(D117-Pad2)")
    (add_net "Net-(D118-Pad2)")
    (add_net "Net-(D119-Pad2)")
    (add_net "Net-(D12-Pad2)")
    (add_net "Net-(D120-Pad2)")
    (add_net "Net-(D121-Pad2)")
    (add_net "Net-(D122-Pad1)")
    (add_net "Net-(D122-Pad2)")
    (add_net "Net-(D123-Pad2)")
    (add_net "Net-(D124-Pad2)")
    (add_net "Net-(D125-Pad2)")
    (add_net "Net-(D126-Pad2)")
    (add_net "Net-(D127-Pad2)")
    (add_net "Net-(D128-Pad2)")
    (add_net "Net-(D129-Pad2)")
    (add_net "Net-(D13-Pad2)")
    (add_net "Net-(D130-Pad2)")
    (add_net "Net-(D131-Pad2)")
    (add_net "Net-(D132-Pad2)")
    (add_net "Net-(D133-Pad2)")
    (add_net "Net-(D134-Pad2)")
    (add_net "Net-(D135-Pad1)")
    (add_net "Net-(D135-Pad2)")
    (add_net "Net-(D136-Pad2)")
    (add_net "Net-(D137-Pad2)")
    (add_net "Net-(D138-Pad2)")
    (add_net "Net-(D139-Pad2)")
    (add_net "Net-(D14-Pad2)")
    (add_net "Net-(D140-Pad2)")
    (add_net "Net-(D141-Pad2)")
    (add_net "Net-(D142-Pad2)")
    (add_net "Net-(D143-Pad2)")
    (add_net "Net-(D144-Pad2)")
    (add_net "Net-(D145-Pad2)")
    (add_net "Net-(D146-Pad2)")
    (add_net "Net-(D148-Pad2)")
    (add_net "Net-(D149-Pad2)")
    (add_net "Net-(D15-Pad2)")
    (add_net "Net-(D150-Pad2)")
    (add_net "Net-(D151-Pad2)")
    (add_net "Net-(D152-Pad2)")
    (add_net "Net-(D153-Pad2)")
    (add_net "Net-(D154-Pad2)")
    (add_net "Net-(D155-Pad2)")
    (add_net "Net-(D156-Pad2)")
    (add_net "Net-(D157-Pad2)")
    (add_net "Net-(D158-Pad2)")
    (add_net "Net-(D159-Pad2)")
    (add_net "Net-(D17-Pad1)")
    (add_net "Net-(D18-Pad1)")
    (add_net "Net-(D18-Pad2)")
    (add_net "Net-(D19-Pad2)")
    (add_net "Net-(D20-Pad2)")
    (add_net "Net-(D21-Pad2)")
    (add_net "Net-(D22-Pad2)")
    (add_net "Net-(D23-Pad2)")
    (add_net "Net-(D24-Pad2)")
    (add_net "Net-(D25-Pad2)")
    (add_net "Net-(D26-Pad2)")
    (add_net "Net-(D27-Pad2)")
    (add_net "Net-(D28-Pad2)")
    (add_net "Net-(D29-Pad2)")
    (add_net "Net-(D30-Pad2)")
    (add_net "Net-(D31-Pad1)")
    (add_net "Net-(D31-Pad2)")
    (add_net "Net-(D32-Pad2)")
    (add_net "Net-(D33-Pad2)")
    (add_net "Net-(D34-Pad2)")
    (add_net "Net-(D35-Pad2)")
    (add_net "Net-(D36-Pad2)")
    (add_net "Net-(D37-Pad2)")
    (add_net "Net-(D38-Pad2)")
    (add_net "Net-(D39-Pad2)")
    (add_net "Net-(D4-Pad2)")
    (add_net "Net-(D40-Pad2)")
    (add_net "Net-(D41-Pad2)")
    (add_net "Net-(D42-Pad2)")
    (add_net "Net-(D44-Pad1)")
    (add_net "Net-(D44-Pad2)")
    (add_net "Net-(D45-Pad2)")
    (add_net "Net-(D46-Pad2)")
    (add_net "Net-(D47-Pad2)")
    (add_net "Net-(D48-Pad2)")
    (add_net "Net-(D49-Pad2)")
    (add_net "Net-(D5-Pad2)")
    (add_net "Net-(D50-Pad2)")
    (add_net "Net-(D51-Pad2)")
    (add_net "Net-(D52-Pad2)")
    (add_net "Net-(D53-Pad2)")
    (add_net "Net-(D54-Pad2)")
    (add_net "Net-(D55-Pad2)")
    (add_net "Net-(D57-Pad1)")
    (add_net "Net-(D57-Pad2)")
    (add_net "Net-(D58-Pad2)")
    (add_net "Net-(D59-Pad2)")
    (add_net "Net-(D6-Pad2)")
    (add_net "Net-(D60-Pad2)")
    (add_net "Net-(D61-Pad2)")
    (add_net "Net-(D62-Pad2)")
    (add_net "Net-(D63-Pad2)")
    (add_net "Net-(D64-Pad2)")
    (add_net "Net-(D65-Pad2)")
    (add_net "Net-(D66-Pad2)")
    (add_net "Net-(D67-Pad2)")
    (add_net "Net-(D68-Pad2)")
    (add_net "Net-(D7-Pad2)")
    (add_net "Net-(D70-Pad2)")
    (add_net "Net-(D71-Pad2)")
    (add_net "Net-(D72-Pad2)")
    (add_net "Net-(D73-Pad2)")
    (add_net "Net-(D74-Pad2)")
    (add_net "Net-(D75-Pad2)")
    (add_net "Net-(D76-Pad2)")
    (add_net "Net-(D77-Pad2)")
    (add_net "Net-(D78-Pad2)")
    (add_net "Net-(D79-Pad2)")
    (add_net "Net-(D8-Pad2)")
    (add_net "Net-(D80-Pad2)")
    (add_net "Net-(D81-Pad2)")
    (add_net "Net-(D83-Pad2)")
    (add_net "Net-(D84-Pad2)")
    (add_net "Net-(D85-Pad2)")
    (add_net "Net-(D86-Pad2)")
    (add_net "Net-(D87-Pad2)")
    (add_net "Net-(D88-Pad2)")
    (add_net "Net-(D89-Pad2)")
    (add_net "Net-(D90-Pad2)")
    (add_net "Net-(D91-Pad2)")
    (add_net "Net-(D92-Pad2)")
    (add_net "Net-(D93-Pad2)")
    (add_net "Net-(D94-Pad2)")
    (add_net "Net-(D96-Pad2)")
    (add_net "Net-(D97-Pad2)")
    (add_net "Net-(D98-Pad2)")
    (add_net "Net-(F1-Pad2)")
    (add_net "Net-(F2-Pad2)")
  )

  (module LED_THT:LED_D5.0mm (layer F.Cu) (tedit 5995936A) (tstamp 61664B71)
    (at 185.5 96.5 270)
    (descr "LED, diameter 5.0mm, 2 pins, http://cdn-reichelt.de/documents/datenblatt/A500/LL-504BC2E-009.pdf")
    (tags "LED diameter 5.0mm 2 pins")
    (path /61627DE6)
    (fp_text reference D150 (at 1.27 -3.96 90) (layer F.SilkS)
      (effects (font (size 1 1) (thickness 0.15)))
    )
    (fp_text value "LED 3V" (at 1.27 3.96 90) (layer F.Fab)
      (effects (font (size 1 1) (thickness 0.15)))
    )
    (fp_text user %R (at 1.25 0 90) (layer F.Fab)
      (effects (font (size 0.8 0.8) (thickness 0.2)))
    )
    (fp_line (start 4.5 -3.25) (end -1.95 -3.25) (layer F.CrtYd) (width 0.05))
    (fp_line (start 4.5 3.25) (end 4.5 -3.25) (layer F.CrtYd) (width 0.05))
    (fp_line (start -1.95 3.25) (end 4.5 3.25) (layer F.CrtYd) (width 0.05))
    (fp_line (start -1.95 -3.25) (end -1.95 3.25) (layer F.CrtYd) (width 0.05))
    (fp_line (start -1.29 -1.545) (end -1.29 1.545) (layer F.SilkS) (width 0.12))
    (fp_line (start -1.23 -1.469694) (end -1.23 1.469694) (layer F.Fab) (width 0.1))
    (fp_circle (center 1.27 0) (end 3.77 0) (layer F.SilkS) (width 0.12))
    (fp_circle (center 1.27 0) (end 3.77 0) (layer F.Fab) (width 0.1))
    (fp_arc (start 1.27 0) (end -1.29 1.54483) (angle -148.9) (layer F.SilkS) (width 0.12))
    (fp_arc (start 1.27 0) (end -1.29 -1.54483) (angle 148.9) (layer F.SilkS) (width 0.12))
    (fp_arc (start 1.27 0) (end -1.23 -1.469694) (angle 299.1) (layer F.Fab) (width 0.1))
    (pad 2 thru_hole circle (at 2.54 0 270) (size 1.8 1.8) (drill 0.9) (layers *.Cu *.Mask)
      (net 7 "Net-(D150-Pad2)"))
    (pad 1 thru_hole rect (at 0 0 270) (size 1.8 1.8) (drill 0.9) (layers *.Cu *.Mask)
      (net 5 "Net-(D149-Pad2)"))
    (model ${KISYS3DMOD}/LED_THT.3dshapes/LED_D5.0mm.wrl
      (at (xyz 0 0 0))
      (scale (xyz 1 1 1))
      (rotate (xyz 0 0 0))
    )
  )

  (module LED_THT:LED_D5.0mm (layer F.Cu) (tedit 5995936A) (tstamp 61664B5F)
    (at 185.5 82.75 270)
    (descr "LED, diameter 5.0mm, 2 pins, http://cdn-reichelt.de/documents/datenblatt/A500/LL-504BC2E-009.pdf")
    (tags "LED diameter 5.0mm 2 pins")
    (path /61627DEC)
    (fp_text reference D149 (at 1.27 -3.96 90) (layer F.SilkS)
      (effects (font (size 1 1) (thickness 0.15)))
    )
    (fp_text value "LED 3V" (at 1.27 3.96 90) (layer F.Fab)
      (effects (font (size 1 1) (thickness 0.15)))
    )
    (fp_text user %R (at 1.25 0 90) (layer F.Fab)
      (effects (font (size 0.8 0.8) (thickness 0.2)))
    )
    (fp_line (start 4.5 -3.25) (end -1.95 -3.25) (layer F.CrtYd) (width 0.05))
    (fp_line (start 4.5 3.25) (end 4.5 -3.25) (layer F.CrtYd) (width 0.05))
    (fp_line (start -1.95 3.25) (end 4.5 3.25) (layer F.CrtYd) (width 0.05))
    (fp_line (start -1.95 -3.25) (end -1.95 3.25) (layer F.CrtYd) (width 0.05))
    (fp_line (start -1.29 -1.545) (end -1.29 1.545) (layer F.SilkS) (width 0.12))
    (fp_line (start -1.23 -1.469694) (end -1.23 1.469694) (layer F.Fab) (width 0.1))
    (fp_circle (center 1.27 0) (end 3.77 0) (layer F.SilkS) (width 0.12))
    (fp_circle (center 1.27 0) (end 3.77 0) (layer F.Fab) (width 0.1))
    (fp_arc (start 1.27 0) (end -1.29 1.54483) (angle -148.9) (layer F.SilkS) (width 0.12))
    (fp_arc (start 1.27 0) (end -1.29 -1.54483) (angle 148.9) (layer F.SilkS) (width 0.12))
    (fp_arc (start 1.27 0) (end -1.23 -1.469694) (angle 299.1) (layer F.Fab) (width 0.1))
    (pad 2 thru_hole circle (at 2.54 0 270) (size 1.8 1.8) (drill 0.9) (layers *.Cu *.Mask)
      (net 5 "Net-(D149-Pad2)"))
    (pad 1 thru_hole rect (at 0 0 270) (size 1.8 1.8) (drill 0.9) (layers *.Cu *.Mask)
      (net 4 "Net-(D148-Pad2)"))
    (model ${KISYS3DMOD}/LED_THT.3dshapes/LED_D5.0mm.wrl
      (at (xyz 0 0 0))
      (scale (xyz 1 1 1))
      (rotate (xyz 0 0 0))
    )
  )

  (module LED_THT:LED_D5.0mm (layer F.Cu) (tedit 5995936A) (tstamp 61664B4D)
    (at 185.5 70.25 270)
    (descr "LED, diameter 5.0mm, 2 pins, http://cdn-reichelt.de/documents/datenblatt/A500/LL-504BC2E-009.pdf")
    (tags "LED diameter 5.0mm 2 pins")
    (path /61632455)
    (fp_text reference D148 (at 1.27 -3.96 90) (layer F.SilkS)
      (effects (font (size 1 1) (thickness 0.15)))
    )
    (fp_text value "LED 3V" (at 1.27 3.96 90) (layer F.Fab)
      (effects (font (size 1 1) (thickness 0.15)))
    )
    (fp_text user %R (at 1.25 0 90) (layer F.Fab)
      (effects (font (size 0.8 0.8) (thickness 0.2)))
    )
    (fp_line (start 4.5 -3.25) (end -1.95 -3.25) (layer F.CrtYd) (width 0.05))
    (fp_line (start 4.5 3.25) (end 4.5 -3.25) (layer F.CrtYd) (width 0.05))
    (fp_line (start -1.95 3.25) (end 4.5 3.25) (layer F.CrtYd) (width 0.05))
    (fp_line (start -1.95 -3.25) (end -1.95 3.25) (layer F.CrtYd) (width 0.05))
    (fp_line (start -1.29 -1.545) (end -1.29 1.545) (layer F.SilkS) (width 0.12))
    (fp_line (start -1.23 -1.469694) (end -1.23 1.469694) (layer F.Fab) (width 0.1))
    (fp_circle (center 1.27 0) (end 3.77 0) (layer F.SilkS) (width 0.12))
    (fp_circle (center 1.27 0) (end 3.77 0) (layer F.Fab) (width 0.1))
    (fp_arc (start 1.27 0) (end -1.29 1.54483) (angle -148.9) (layer F.SilkS) (width 0.12))
    (fp_arc (start 1.27 0) (end -1.29 -1.54483) (angle 148.9) (layer F.SilkS) (width 0.12))
    (fp_arc (start 1.27 0) (end -1.23 -1.469694) (angle 299.1) (layer F.Fab) (width 0.1))
    (pad 2 thru_hole circle (at 2.54 0 270) (size 1.8 1.8) (drill 0.9) (layers *.Cu *.Mask)
      (net 4 "Net-(D148-Pad2)"))
    (pad 1 thru_hole rect (at 0 0 270) (size 1.8 1.8) (drill 0.9) (layers *.Cu *.Mask)
      (net 9 GND))
    (model ${KISYS3DMOD}/LED_THT.3dshapes/LED_D5.0mm.wrl
      (at (xyz 0 0 0))
      (scale (xyz 1 1 1))
      (rotate (xyz 0 0 0))
    )
  )

  (module LED_THT:LED_D5.0mm_Clear (layer F.Cu) (tedit 5A6C9BC0) (tstamp 61664673)
    (at 112.5 186.25 180)
    (descr "LED, diameter 5.0mm, 2 pins, http://cdn-reichelt.de/documents/datenblatt/A500/LL-504BC2E-009.pdf")
    (tags "LED diameter 5.0mm 2 pins")
    (path /616C0E81)
    (fp_text reference D111 (at 1.27 -3.96) (layer F.SilkS)
      (effects (font (size 1 1) (thickness 0.15)))
    )
    (fp_text value "LED 3V" (at 1.27 3.96) (layer F.Fab)
      (effects (font (size 1 1) (thickness 0.15)))
    )
    (fp_text user %R (at 1.25 0) (layer F.Fab)
      (effects (font (size 0.8 0.8) (thickness 0.2)))
    )
    (fp_line (start -1.23 -1.469694) (end -1.23 1.469694) (layer F.Fab) (width 0.1))
    (fp_line (start -1.29 -1.545) (end -1.29 1.545) (layer F.SilkS) (width 0.12))
    (fp_line (start -1.95 -3.25) (end -1.95 3.25) (layer F.CrtYd) (width 0.05))
    (fp_line (start -1.95 3.25) (end 4.5 3.25) (layer F.CrtYd) (width 0.05))
    (fp_line (start 4.5 3.25) (end 4.5 -3.25) (layer F.CrtYd) (width 0.05))
    (fp_line (start 4.5 -3.25) (end -1.95 -3.25) (layer F.CrtYd) (width 0.05))
    (fp_circle (center 1.27 0) (end 3.77 0) (layer F.Fab) (width 0.1))
    (fp_circle (center 1.27 0) (end 3.77 0) (layer F.SilkS) (width 0.12))
    (fp_arc (start 1.27 0) (end -1.23 -1.469694) (angle 299.1) (layer F.Fab) (width 0.1))
    (fp_arc (start 1.27 0) (end -1.29 -1.54483) (angle 148.9) (layer F.SilkS) (width 0.12))
    (fp_arc (start 1.27 0) (end -1.29 1.54483) (angle -148.9) (layer F.SilkS) (width 0.12))
    (pad 1 thru_hole rect (at 0 0 180) (size 1.8 1.8) (drill 0.9) (layers *.Cu *.Mask)
      (net 97 "Net-(D110-Pad2)"))
    (pad 2 thru_hole circle (at 2.54 0 180) (size 1.8 1.8) (drill 0.9) (layers *.Cu *.Mask)
      (net 98 "Net-(D111-Pad2)"))
    (model ${KISYS3DMOD}/LED_THT.3dshapes/LED_D5.0mm_Clear.wrl
      (at (xyz 0 0 0))
      (scale (xyz 1 1 1))
      (rotate (xyz 0 0 0))
    )
  )

  (module LED_THT:LED_D5.0mm_Clear (layer F.Cu) (tedit 5A6C9BC0) (tstamp 61664661)
    (at 126.25 186.25 180)
    (descr "LED, diameter 5.0mm, 2 pins, http://cdn-reichelt.de/documents/datenblatt/A500/LL-504BC2E-009.pdf")
    (tags "LED diameter 5.0mm 2 pins")
    (path /616C0E88)
    (fp_text reference D110 (at 1.27 -3.96) (layer F.SilkS)
      (effects (font (size 1 1) (thickness 0.15)))
    )
    (fp_text value "LED 3V" (at 1.27 3.96) (layer F.Fab)
      (effects (font (size 1 1) (thickness 0.15)))
    )
    (fp_text user %R (at 1.25 0) (layer F.Fab)
      (effects (font (size 0.8 0.8) (thickness 0.2)))
    )
    (fp_line (start -1.23 -1.469694) (end -1.23 1.469694) (layer F.Fab) (width 0.1))
    (fp_line (start -1.29 -1.545) (end -1.29 1.545) (layer F.SilkS) (width 0.12))
    (fp_line (start -1.95 -3.25) (end -1.95 3.25) (layer F.CrtYd) (width 0.05))
    (fp_line (start -1.95 3.25) (end 4.5 3.25) (layer F.CrtYd) (width 0.05))
    (fp_line (start 4.5 3.25) (end 4.5 -3.25) (layer F.CrtYd) (width 0.05))
    (fp_line (start 4.5 -3.25) (end -1.95 -3.25) (layer F.CrtYd) (width 0.05))
    (fp_circle (center 1.27 0) (end 3.77 0) (layer F.Fab) (width 0.1))
    (fp_circle (center 1.27 0) (end 3.77 0) (layer F.SilkS) (width 0.12))
    (fp_arc (start 1.27 0) (end -1.23 -1.469694) (angle 299.1) (layer F.Fab) (width 0.1))
    (fp_arc (start 1.27 0) (end -1.29 -1.54483) (angle 148.9) (layer F.SilkS) (width 0.12))
    (fp_arc (start 1.27 0) (end -1.29 1.54483) (angle -148.9) (layer F.SilkS) (width 0.12))
    (pad 1 thru_hole rect (at 0 0 180) (size 1.8 1.8) (drill 0.9) (layers *.Cu *.Mask)
      (net 96 "Net-(D109-Pad2)"))
    (pad 2 thru_hole circle (at 2.54 0 180) (size 1.8 1.8) (drill 0.9) (layers *.Cu *.Mask)
      (net 97 "Net-(D110-Pad2)"))
    (model ${KISYS3DMOD}/LED_THT.3dshapes/LED_D5.0mm_Clear.wrl
      (at (xyz 0 0 0))
      (scale (xyz 1 1 1))
      (rotate (xyz 0 0 0))
    )
  )

  (module LED_THT:LED_D5.0mm_Clear (layer F.Cu) (tedit 5A6C9BC0) (tstamp 6166464F)
    (at 138.75 186.25 180)
    (descr "LED, diameter 5.0mm, 2 pins, http://cdn-reichelt.de/documents/datenblatt/A500/LL-504BC2E-009.pdf")
    (tags "LED diameter 5.0mm 2 pins")
    (path /616C0E8F)
    (fp_text reference D109 (at 1.27 -3.96) (layer F.SilkS)
      (effects (font (size 1 1) (thickness 0.15)))
    )
    (fp_text value "LED 3V" (at 1.27 3.96) (layer F.Fab)
      (effects (font (size 1 1) (thickness 0.15)))
    )
    (fp_text user %R (at 1.25 0) (layer F.Fab)
      (effects (font (size 0.8 0.8) (thickness 0.2)))
    )
    (fp_line (start -1.23 -1.469694) (end -1.23 1.469694) (layer F.Fab) (width 0.1))
    (fp_line (start -1.29 -1.545) (end -1.29 1.545) (layer F.SilkS) (width 0.12))
    (fp_line (start -1.95 -3.25) (end -1.95 3.25) (layer F.CrtYd) (width 0.05))
    (fp_line (start -1.95 3.25) (end 4.5 3.25) (layer F.CrtYd) (width 0.05))
    (fp_line (start 4.5 3.25) (end 4.5 -3.25) (layer F.CrtYd) (width 0.05))
    (fp_line (start 4.5 -3.25) (end -1.95 -3.25) (layer F.CrtYd) (width 0.05))
    (fp_circle (center 1.27 0) (end 3.77 0) (layer F.Fab) (width 0.1))
    (fp_circle (center 1.27 0) (end 3.77 0) (layer F.SilkS) (width 0.12))
    (fp_arc (start 1.27 0) (end -1.23 -1.469694) (angle 299.1) (layer F.Fab) (width 0.1))
    (fp_arc (start 1.27 0) (end -1.29 -1.54483) (angle 148.9) (layer F.SilkS) (width 0.12))
    (fp_arc (start 1.27 0) (end -1.29 1.54483) (angle -148.9) (layer F.SilkS) (width 0.12))
    (pad 1 thru_hole rect (at 0 0 180) (size 1.8 1.8) (drill 0.9) (layers *.Cu *.Mask)
      (net 9 GND))
    (pad 2 thru_hole circle (at 2.54 0 180) (size 1.8 1.8) (drill 0.9) (layers *.Cu *.Mask)
      (net 96 "Net-(D109-Pad2)"))
    (model ${KISYS3DMOD}/LED_THT.3dshapes/LED_D5.0mm_Clear.wrl
      (at (xyz 0 0 0))
      (scale (xyz 1 1 1))
      (rotate (xyz 0 0 0))
    )
  )

  (module LED_THT:LED_D5.0mm (layer F.Cu) (tedit 5995936A) (tstamp 61664175)
    (at 22.25 113.5 90)
    (descr "LED, diameter 5.0mm, 2 pins, http://cdn-reichelt.de/documents/datenblatt/A500/LL-504BC2E-009.pdf")
    (tags "LED diameter 5.0mm 2 pins")
    (path /61708B91)
    (fp_text reference D72 (at 1.27 -3.96 90) (layer F.SilkS)
      (effects (font (size 1 1) (thickness 0.15)))
    )
    (fp_text value "LED 3V" (at 1.27 3.96 90) (layer F.Fab)
      (effects (font (size 1 1) (thickness 0.15)))
    )
    (fp_text user %R (at 1.25 0 90) (layer F.Fab)
      (effects (font (size 0.8 0.8) (thickness 0.2)))
    )
    (fp_line (start 4.5 -3.25) (end -1.95 -3.25) (layer F.CrtYd) (width 0.05))
    (fp_line (start 4.5 3.25) (end 4.5 -3.25) (layer F.CrtYd) (width 0.05))
    (fp_line (start -1.95 3.25) (end 4.5 3.25) (layer F.CrtYd) (width 0.05))
    (fp_line (start -1.95 -3.25) (end -1.95 3.25) (layer F.CrtYd) (width 0.05))
    (fp_line (start -1.29 -1.545) (end -1.29 1.545) (layer F.SilkS) (width 0.12))
    (fp_line (start -1.23 -1.469694) (end -1.23 1.469694) (layer F.Fab) (width 0.1))
    (fp_circle (center 1.27 0) (end 3.77 0) (layer F.SilkS) (width 0.12))
    (fp_circle (center 1.27 0) (end 3.77 0) (layer F.Fab) (width 0.1))
    (fp_arc (start 1.27 0) (end -1.29 1.54483) (angle -148.9) (layer F.SilkS) (width 0.12))
    (fp_arc (start 1.27 0) (end -1.29 -1.54483) (angle 148.9) (layer F.SilkS) (width 0.12))
    (fp_arc (start 1.27 0) (end -1.23 -1.469694) (angle 299.1) (layer F.Fab) (width 0.1))
    (pad 2 thru_hole circle (at 2.54 0 90) (size 1.8 1.8) (drill 0.9) (layers *.Cu *.Mask)
      (net 71 "Net-(D72-Pad2)"))
    (pad 1 thru_hole rect (at 0 0 90) (size 1.8 1.8) (drill 0.9) (layers *.Cu *.Mask)
      (net 70 "Net-(D71-Pad2)"))
    (model ${KISYS3DMOD}/LED_THT.3dshapes/LED_D5.0mm.wrl
      (at (xyz 0 0 0))
      (scale (xyz 1 1 1))
      (rotate (xyz 0 0 0))
    )
  )

  (module LED_THT:LED_D5.0mm (layer F.Cu) (tedit 5995936A) (tstamp 61664163)
    (at 22.25 127 90)
    (descr "LED, diameter 5.0mm, 2 pins, http://cdn-reichelt.de/documents/datenblatt/A500/LL-504BC2E-009.pdf")
    (tags "LED diameter 5.0mm 2 pins")
    (path /61708B97)
    (fp_text reference D71 (at 1.27 -3.96 90) (layer F.SilkS)
      (effects (font (size 1 1) (thickness 0.15)))
    )
    (fp_text value "LED 3V" (at 1.27 3.96 90) (layer F.Fab)
      (effects (font (size 1 1) (thickness 0.15)))
    )
    (fp_text user %R (at 1.25 0 90) (layer F.Fab)
      (effects (font (size 0.8 0.8) (thickness 0.2)))
    )
    (fp_line (start 4.5 -3.25) (end -1.95 -3.25) (layer F.CrtYd) (width 0.05))
    (fp_line (start 4.5 3.25) (end 4.5 -3.25) (layer F.CrtYd) (width 0.05))
    (fp_line (start -1.95 3.25) (end 4.5 3.25) (layer F.CrtYd) (width 0.05))
    (fp_line (start -1.95 -3.25) (end -1.95 3.25) (layer F.CrtYd) (width 0.05))
    (fp_line (start -1.29 -1.545) (end -1.29 1.545) (layer F.SilkS) (width 0.12))
    (fp_line (start -1.23 -1.469694) (end -1.23 1.469694) (layer F.Fab) (width 0.1))
    (fp_circle (center 1.27 0) (end 3.77 0) (layer F.SilkS) (width 0.12))
    (fp_circle (center 1.27 0) (end 3.77 0) (layer F.Fab) (width 0.1))
    (fp_arc (start 1.27 0) (end -1.29 1.54483) (angle -148.9) (layer F.SilkS) (width 0.12))
    (fp_arc (start 1.27 0) (end -1.29 -1.54483) (angle 148.9) (layer F.SilkS) (width 0.12))
    (fp_arc (start 1.27 0) (end -1.23 -1.469694) (angle 299.1) (layer F.Fab) (width 0.1))
    (pad 2 thru_hole circle (at 2.54 0 90) (size 1.8 1.8) (drill 0.9) (layers *.Cu *.Mask)
      (net 70 "Net-(D71-Pad2)"))
    (pad 1 thru_hole rect (at 0 0 90) (size 1.8 1.8) (drill 0.9) (layers *.Cu *.Mask)
      (net 69 "Net-(D70-Pad2)"))
    (model ${KISYS3DMOD}/LED_THT.3dshapes/LED_D5.0mm.wrl
      (at (xyz 0 0 0))
      (scale (xyz 1 1 1))
      (rotate (xyz 0 0 0))
    )
  )

  (module LED_THT:LED_D5.0mm (layer F.Cu) (tedit 5995936A) (tstamp 61664151)
    (at 22.25 139.75 90)
    (descr "LED, diameter 5.0mm, 2 pins, http://cdn-reichelt.de/documents/datenblatt/A500/LL-504BC2E-009.pdf")
    (tags "LED diameter 5.0mm 2 pins")
    (path /61708BA7)
    (fp_text reference D70 (at 1.27 -3.96 90) (layer F.SilkS)
      (effects (font (size 1 1) (thickness 0.15)))
    )
    (fp_text value "LED 3V" (at 1.27 3.96 90) (layer F.Fab)
      (effects (font (size 1 1) (thickness 0.15)))
    )
    (fp_arc (start 1.27 0) (end -1.23 -1.469694) (angle 299.1) (layer F.Fab) (width 0.1))
    (fp_arc (start 1.27 0) (end -1.29 -1.54483) (angle 148.9) (layer F.SilkS) (width 0.12))
    (fp_arc (start 1.27 0) (end -1.29 1.54483) (angle -148.9) (layer F.SilkS) (width 0.12))
    (fp_circle (center 1.27 0) (end 3.77 0) (layer F.Fab) (width 0.1))
    (fp_circle (center 1.27 0) (end 3.77 0) (layer F.SilkS) (width 0.12))
    (fp_line (start -1.23 -1.469694) (end -1.23 1.469694) (layer F.Fab) (width 0.1))
    (fp_line (start -1.29 -1.545) (end -1.29 1.545) (layer F.SilkS) (width 0.12))
    (fp_line (start -1.95 -3.25) (end -1.95 3.25) (layer F.CrtYd) (width 0.05))
    (fp_line (start -1.95 3.25) (end 4.5 3.25) (layer F.CrtYd) (width 0.05))
    (fp_line (start 4.5 3.25) (end 4.5 -3.25) (layer F.CrtYd) (width 0.05))
    (fp_line (start 4.5 -3.25) (end -1.95 -3.25) (layer F.CrtYd) (width 0.05))
    (fp_text user %R (at 1.25 0 90) (layer F.Fab)
      (effects (font (size 0.8 0.8) (thickness 0.2)))
    )
    (pad 1 thru_hole rect (at 0 0 90) (size 1.8 1.8) (drill 0.9) (layers *.Cu *.Mask)
      (net 163 "Net-(D134-Pad2)"))
    (pad 2 thru_hole circle (at 2.54 0 90) (size 1.8 1.8) (drill 0.9) (layers *.Cu *.Mask)
      (net 69 "Net-(D70-Pad2)"))
    (model ${KISYS3DMOD}/LED_THT.3dshapes/LED_D5.0mm.wrl
      (at (xyz 0 0 0))
      (scale (xyz 1 1 1))
      (rotate (xyz 0 0 0))
    )
  )

  (module LED_THT:LED_D5.0mm_Clear (layer F.Cu) (tedit 5A6C9BC0) (tstamp 61663C77)
    (at 95.75 23.75)
    (descr "LED, diameter 5.0mm, 2 pins, http://cdn-reichelt.de/documents/datenblatt/A500/LL-504BC2E-009.pdf")
    (tags "LED diameter 5.0mm 2 pins")
    (path /61708CC5)
    (fp_text reference D33 (at 1.27 -3.96) (layer F.SilkS)
      (effects (font (size 1 1) (thickness 0.15)))
    )
    (fp_text value "LED 3V" (at 1.27 3.96) (layer F.Fab)
      (effects (font (size 1 1) (thickness 0.15)))
    )
    (fp_arc (start 1.27 0) (end -1.29 1.54483) (angle -148.9) (layer F.SilkS) (width 0.12))
    (fp_arc (start 1.27 0) (end -1.29 -1.54483) (angle 148.9) (layer F.SilkS) (width 0.12))
    (fp_arc (start 1.27 0) (end -1.23 -1.469694) (angle 299.1) (layer F.Fab) (width 0.1))
    (fp_circle (center 1.27 0) (end 3.77 0) (layer F.SilkS) (width 0.12))
    (fp_circle (center 1.27 0) (end 3.77 0) (layer F.Fab) (width 0.1))
    (fp_line (start 4.5 -3.25) (end -1.95 -3.25) (layer F.CrtYd) (width 0.05))
    (fp_line (start 4.5 3.25) (end 4.5 -3.25) (layer F.CrtYd) (width 0.05))
    (fp_line (start -1.95 3.25) (end 4.5 3.25) (layer F.CrtYd) (width 0.05))
    (fp_line (start -1.95 -3.25) (end -1.95 3.25) (layer F.CrtYd) (width 0.05))
    (fp_line (start -1.29 -1.545) (end -1.29 1.545) (layer F.SilkS) (width 0.12))
    (fp_line (start -1.23 -1.469694) (end -1.23 1.469694) (layer F.Fab) (width 0.1))
    (fp_text user %R (at 1.25 0) (layer F.Fab)
      (effects (font (size 0.8 0.8) (thickness 0.2)))
    )
    (pad 2 thru_hole circle (at 2.54 0) (size 1.8 1.8) (drill 0.9) (layers *.Cu *.Mask)
      (net 35 "Net-(D33-Pad2)"))
    (pad 1 thru_hole rect (at 0 0) (size 1.8 1.8) (drill 0.9) (layers *.Cu *.Mask)
      (net 34 "Net-(D32-Pad2)"))
    (model ${KISYS3DMOD}/LED_THT.3dshapes/LED_D5.0mm_Clear.wrl
      (at (xyz 0 0 0))
      (scale (xyz 1 1 1))
      (rotate (xyz 0 0 0))
    )
  )

  (module LED_THT:LED_D5.0mm_Clear (layer F.Cu) (tedit 5A6C9BC0) (tstamp 61663C65)
    (at 81.75 23.75)
    (descr "LED, diameter 5.0mm, 2 pins, http://cdn-reichelt.de/documents/datenblatt/A500/LL-504BC2E-009.pdf")
    (tags "LED diameter 5.0mm 2 pins")
    (path /61708CCC)
    (fp_text reference D32 (at 1.27 -3.96) (layer F.SilkS)
      (effects (font (size 1 1) (thickness 0.15)))
    )
    (fp_text value "LED 3V" (at 1.27 3.96) (layer F.Fab)
      (effects (font (size 1 1) (thickness 0.15)))
    )
    (fp_arc (start 1.27 0) (end -1.29 1.54483) (angle -148.9) (layer F.SilkS) (width 0.12))
    (fp_arc (start 1.27 0) (end -1.29 -1.54483) (angle 148.9) (layer F.SilkS) (width 0.12))
    (fp_arc (start 1.27 0) (end -1.23 -1.469694) (angle 299.1) (layer F.Fab) (width 0.1))
    (fp_circle (center 1.27 0) (end 3.77 0) (layer F.SilkS) (width 0.12))
    (fp_circle (center 1.27 0) (end 3.77 0) (layer F.Fab) (width 0.1))
    (fp_line (start 4.5 -3.25) (end -1.95 -3.25) (layer F.CrtYd) (width 0.05))
    (fp_line (start 4.5 3.25) (end 4.5 -3.25) (layer F.CrtYd) (width 0.05))
    (fp_line (start -1.95 3.25) (end 4.5 3.25) (layer F.CrtYd) (width 0.05))
    (fp_line (start -1.95 -3.25) (end -1.95 3.25) (layer F.CrtYd) (width 0.05))
    (fp_line (start -1.29 -1.545) (end -1.29 1.545) (layer F.SilkS) (width 0.12))
    (fp_line (start -1.23 -1.469694) (end -1.23 1.469694) (layer F.Fab) (width 0.1))
    (fp_text user %R (at 1.25 0) (layer F.Fab)
      (effects (font (size 0.8 0.8) (thickness 0.2)))
    )
    (pad 2 thru_hole circle (at 2.54 0) (size 1.8 1.8) (drill 0.9) (layers *.Cu *.Mask)
      (net 34 "Net-(D32-Pad2)"))
    (pad 1 thru_hole rect (at 0 0) (size 1.8 1.8) (drill 0.9) (layers *.Cu *.Mask)
      (net 33 "Net-(D31-Pad2)"))
    (model ${KISYS3DMOD}/LED_THT.3dshapes/LED_D5.0mm_Clear.wrl
      (at (xyz 0 0 0))
      (scale (xyz 1 1 1))
      (rotate (xyz 0 0 0))
    )
  )

  (module LED_THT:LED_D5.0mm_Clear (layer F.Cu) (tedit 5A6C9BC0) (tstamp 61663C53)
    (at 69.25 23.75)
    (descr "LED, diameter 5.0mm, 2 pins, http://cdn-reichelt.de/documents/datenblatt/A500/LL-504BC2E-009.pdf")
    (tags "LED diameter 5.0mm 2 pins")
    (path /61708CD3)
    (fp_text reference D31 (at 1.27 -3.96) (layer F.SilkS)
      (effects (font (size 1 1) (thickness 0.15)))
    )
    (fp_text value "LED 3V" (at 1.27 3.96) (layer F.Fab)
      (effects (font (size 1 1) (thickness 0.15)))
    )
    (fp_arc (start 1.27 0) (end -1.29 1.54483) (angle -148.9) (layer F.SilkS) (width 0.12))
    (fp_arc (start 1.27 0) (end -1.29 -1.54483) (angle 148.9) (layer F.SilkS) (width 0.12))
    (fp_arc (start 1.27 0) (end -1.23 -1.469694) (angle 299.1) (layer F.Fab) (width 0.1))
    (fp_circle (center 1.27 0) (end 3.77 0) (layer F.SilkS) (width 0.12))
    (fp_circle (center 1.27 0) (end 3.77 0) (layer F.Fab) (width 0.1))
    (fp_line (start 4.5 -3.25) (end -1.95 -3.25) (layer F.CrtYd) (width 0.05))
    (fp_line (start 4.5 3.25) (end 4.5 -3.25) (layer F.CrtYd) (width 0.05))
    (fp_line (start -1.95 3.25) (end 4.5 3.25) (layer F.CrtYd) (width 0.05))
    (fp_line (start -1.95 -3.25) (end -1.95 3.25) (layer F.CrtYd) (width 0.05))
    (fp_line (start -1.29 -1.545) (end -1.29 1.545) (layer F.SilkS) (width 0.12))
    (fp_line (start -1.23 -1.469694) (end -1.23 1.469694) (layer F.Fab) (width 0.1))
    (fp_text user %R (at 1.25 0) (layer F.Fab)
      (effects (font (size 0.8 0.8) (thickness 0.2)))
    )
    (pad 2 thru_hole circle (at 2.54 0) (size 1.8 1.8) (drill 0.9) (layers *.Cu *.Mask)
      (net 33 "Net-(D31-Pad2)"))
    (pad 1 thru_hole rect (at 0 0) (size 1.8 1.8) (drill 0.9) (layers *.Cu *.Mask)
      (net 142 "Net-(D31-Pad1)"))
    (model ${KISYS3DMOD}/LED_THT.3dshapes/LED_D5.0mm_Clear.wrl
      (at (xyz 0 0 0))
      (scale (xyz 1 1 1))
      (rotate (xyz 0 0 0))
    )
  )

  (module Fuse:Fuse_Blade_ATO_directSolder (layer F.Cu) (tedit 5A1C8B0A) (tstamp 6161A2F8)
    (at 264.2 26.5 270)
    (descr "car blade fuse direct solder")
    (tags "car blade fuse")
    (path /61633BD9)
    (fp_text reference F2 (at 4.65 -3.9 90) (layer F.SilkS)
      (effects (font (size 1 1) (thickness 0.15)))
    )
    (fp_text value Fuse (at 4.6 4 90) (layer F.Fab)
      (effects (font (size 1 1) (thickness 0.15)))
    )
    (fp_line (start 14.77 3.12) (end -5.47 3.12) (layer F.SilkS) (width 0.12))
    (fp_line (start 14.77 3.12) (end 14.77 -3.12) (layer F.SilkS) (width 0.12))
    (fp_line (start -5.47 -3.12) (end -5.47 3.12) (layer F.SilkS) (width 0.12))
    (fp_line (start -5.47 -3.12) (end 14.77 -3.12) (layer F.SilkS) (width 0.12))
    (fp_line (start 14.9 3.25) (end -5.6 3.25) (layer F.CrtYd) (width 0.05))
    (fp_line (start 14.9 3.25) (end 14.9 -3.25) (layer F.CrtYd) (width 0.05))
    (fp_line (start -5.6 -3.25) (end -5.6 3.25) (layer F.CrtYd) (width 0.05))
    (fp_line (start -5.6 -3.25) (end 14.9 -3.25) (layer F.CrtYd) (width 0.05))
    (fp_line (start -4.95 2.5) (end -4.95 -2.5) (layer F.SilkS) (width 0.12))
    (fp_line (start 14.25 2.5) (end -4.95 2.5) (layer F.SilkS) (width 0.12))
    (fp_line (start 14.25 -2.5) (end 14.25 2.5) (layer F.SilkS) (width 0.12))
    (fp_line (start -4.95 -2.5) (end 14.25 -2.5) (layer F.SilkS) (width 0.12))
    (fp_line (start -5.35 3) (end -5.35 -3) (layer F.Fab) (width 0.1))
    (fp_line (start 14.65 3) (end -5.35 3) (layer F.Fab) (width 0.1))
    (fp_line (start 14.65 -3) (end 14.65 3) (layer F.Fab) (width 0.1))
    (fp_line (start -5.35 -3) (end 14.65 -3) (layer F.Fab) (width 0.1))
    (fp_line (start 4.95 0) (end 4.35 0) (layer F.Fab) (width 0.1))
    (fp_text user %R (at 4.75 -1.5 90) (layer F.Fab)
      (effects (font (size 1 1) (thickness 0.15)))
    )
    (pad 2 thru_hole oval (at 9.3 0 270) (size 8 3.8) (drill oval 6 2) (layers *.Cu *.Mask)
      (net 135 "Net-(F2-Pad2)"))
    (pad 1 thru_hole oval (at 0 0 270) (size 8 3.8) (drill oval 6 2) (layers *.Cu *.Mask)
      (net 6 "Net-(D17-Pad1)"))
    (model ${KISYS3DMOD}/Fuse.3dshapes/Fuse_Blade_ATO_directSolder.wrl
      (offset (xyz 4.571999931335449 0 0))
      (scale (xyz 0.39 0.39 0.39))
      (rotate (xyz 0 0 0))
    )
  )

  (module Fuse:Fuse_Blade_ATO_directSolder (layer F.Cu) (tedit 5A1C8B0A) (tstamp 6161A2B9)
    (at 270.8 26.5 270)
    (descr "car blade fuse direct solder")
    (tags "car blade fuse")
    (path /6163341C)
    (fp_text reference F1 (at 4.65 -3.9 90) (layer F.SilkS)
      (effects (font (size 1 1) (thickness 0.15)))
    )
    (fp_text value Fuse (at 4.6 4 90) (layer F.Fab)
      (effects (font (size 1 1) (thickness 0.15)))
    )
    (fp_line (start 14.77 3.12) (end -5.47 3.12) (layer F.SilkS) (width 0.12))
    (fp_line (start 14.77 3.12) (end 14.77 -3.12) (layer F.SilkS) (width 0.12))
    (fp_line (start -5.47 -3.12) (end -5.47 3.12) (layer F.SilkS) (width 0.12))
    (fp_line (start -5.47 -3.12) (end 14.77 -3.12) (layer F.SilkS) (width 0.12))
    (fp_line (start 14.9 3.25) (end -5.6 3.25) (layer F.CrtYd) (width 0.05))
    (fp_line (start 14.9 3.25) (end 14.9 -3.25) (layer F.CrtYd) (width 0.05))
    (fp_line (start -5.6 -3.25) (end -5.6 3.25) (layer F.CrtYd) (width 0.05))
    (fp_line (start -5.6 -3.25) (end 14.9 -3.25) (layer F.CrtYd) (width 0.05))
    (fp_line (start -4.95 2.5) (end -4.95 -2.5) (layer F.SilkS) (width 0.12))
    (fp_line (start 14.25 2.5) (end -4.95 2.5) (layer F.SilkS) (width 0.12))
    (fp_line (start 14.25 -2.5) (end 14.25 2.5) (layer F.SilkS) (width 0.12))
    (fp_line (start -4.95 -2.5) (end 14.25 -2.5) (layer F.SilkS) (width 0.12))
    (fp_line (start -5.35 3) (end -5.35 -3) (layer F.Fab) (width 0.1))
    (fp_line (start 14.65 3) (end -5.35 3) (layer F.Fab) (width 0.1))
    (fp_line (start 14.65 -3) (end 14.65 3) (layer F.Fab) (width 0.1))
    (fp_line (start -5.35 -3) (end 14.65 -3) (layer F.Fab) (width 0.1))
    (fp_line (start 4.95 0) (end 4.35 0) (layer F.Fab) (width 0.1))
    (fp_text user %R (at 4.75 -1.5 90) (layer F.Fab)
      (effects (font (size 1 1) (thickness 0.15)))
    )
    (pad 2 thru_hole oval (at 9.3 0 270) (size 8 3.8) (drill oval 6 2) (layers *.Cu *.Mask)
      (net 134 "Net-(F1-Pad2)"))
    (pad 1 thru_hole oval (at 0 0 270) (size 8 3.8) (drill oval 6 2) (layers *.Cu *.Mask)
      (net 3 "Net-(D1-Pad2)"))
    (model ${KISYS3DMOD}/Fuse.3dshapes/Fuse_Blade_ATO_directSolder.wrl
      (offset (xyz 4.571999931335449 0 0))
      (scale (xyz 0.39 0.39 0.39))
      (rotate (xyz 0 0 0))
    )
  )

  (module Capacitor_THT:CP_Radial_D18.0mm_P7.50mm (layer F.Cu) (tedit 5AE50EF1) (tstamp 6161427F)
    (at 230.1 42.2)
    (descr "CP, Radial series, Radial, pin pitch=7.50mm, , diameter=18mm, Electrolytic Capacitor")
    (tags "CP Radial series Radial pin pitch 7.50mm  diameter 18mm Electrolytic Capacitor")
    (path /6183892B)
    (fp_text reference C1 (at 3.75 -10.25) (layer F.SilkS)
      (effects (font (size 1 1) (thickness 0.15)))
    )
